(kicad_pcb (version 20171130) (host pcbnew 5.1.10-88a1d61d58~90~ubuntu20.04.1)

  (general
    (thickness 1.6)
    (drawings 4)
    (tracks 0)
    (zones 0)
    (modules 105)
    (nets 102)
  )

  (page A4)
  (layers
    (0 F.Cu signal)
    (31 B.Cu signal)
    (32 B.Adhes user)
    (33 F.Adhes user)
    (34 B.Paste user)
    (35 F.Paste user)
    (36 B.SilkS user)
    (37 F.SilkS user)
    (38 B.Mask user)
    (39 F.Mask user)
    (40 Dwgs.User user)
    (41 Cmts.User user)
    (42 Eco1.User user)
    (43 Eco2.User user)
    (44 Edge.Cuts user)
    (45 Margin user)
    (46 B.CrtYd user)
    (47 F.CrtYd user)
    (48 B.Fab user)
    (49 F.Fab user)
  )

  (setup
    (last_trace_width 0.25)
    (trace_clearance 0.2)
    (zone_clearance 0.508)
    (zone_45_only no)
    (trace_min 0.2)
    (via_size 0.8)
    (via_drill 0.4)
    (via_min_size 0.4)
    (via_min_drill 0.3)
    (uvia_size 0.3)
    (uvia_drill 0.1)
    (uvias_allowed no)
    (uvia_min_size 0.2)
    (uvia_min_drill 0.1)
    (edge_width 0.05)
    (segment_width 0.2)
    (pcb_text_width 0.3)
    (pcb_text_size 1.5 1.5)
    (mod_edge_width 0.12)
    (mod_text_size 1 1)
    (mod_text_width 0.15)
    (pad_size 1.524 1.524)
    (pad_drill 0.762)
    (pad_to_mask_clearance 0)
    (aux_axis_origin 0 0)
    (visible_elements FFFFFF7F)
    (pcbplotparams
      (layerselection 0x010fc_ffffffff)
      (usegerberextensions false)
      (usegerberattributes true)
      (usegerberadvancedattributes true)
      (creategerberjobfile true)
      (excludeedgelayer true)
      (linewidth 0.100000)
      (plotframeref false)
      (viasonmask false)
      (mode 1)
      (useauxorigin false)
      (hpglpennumber 1)
      (hpglpenspeed 20)
      (hpglpendiameter 15.000000)
      (psnegative false)
      (psa4output false)
      (plotreference true)
      (plotvalue true)
      (plotinvisibletext false)
      (padsonsilk false)
      (subtractmaskfromsilk false)
      (outputformat 1)
      (mirror false)
      (drillshape 1)
      (scaleselection 1)
      (outputdirectory ""))
  )

  (net 0 "")
  (net 1 +5V)
  (net 2 GNDREF)
  (net 3 "Net-(J201-Pad7)")
  (net 4 "Net-(J301-Pad1)")
  (net 5 /Mic_Interface_1/V_Bias)
  (net 6 "Net-(J301-Pad4)")
  (net 7 "Net-(J301-Pad5)")
  (net 8 /Digital/Select)
  (net 9 "Net-(J301-Pad8)")
  (net 10 "Net-(J401-Pad1)")
  (net 11 /Mic_Interface_2/V_Bias)
  (net 12 "Net-(J401-Pad4)")
  (net 13 "Net-(J401-Pad5)")
  (net 14 "Net-(J401-Pad8)")
  (net 15 "Net-(J501-Pad8)")
  (net 16 "Net-(J501-Pad5)")
  (net 17 "Net-(J501-Pad4)")
  (net 18 /Mic_Interface_4/V_Bias)
  (net 19 "Net-(J501-Pad1)")
  (net 20 "Net-(J601-Pad8)")
  (net 21 "Net-(J601-Pad5)")
  (net 22 "Net-(J601-Pad4)")
  (net 23 /Mic_Interface_3/V_Bias)
  (net 24 "Net-(J601-Pad1)")
  (net 25 /MST_Bias)
  (net 26 /Mic_Interface_1/MST_CLK)
  (net 27 /Mic_Interface_2/MST_CLK)
  (net 28 /MB_Comm_En)
  (net 29 /Digital/DOut)
  (net 30 /Digital/DOut_EN_1)
  (net 31 /Digital/NegEn)
  (net 32 /Mic_Interface_1/AOut)
  (net 33 /Digital/DOut_EN_2)
  (net 34 /Mic_Interface_2/AOut)
  (net 35 /Digital/DOut_EN_4)
  (net 36 /Mic_Interface_4/AOut)
  (net 37 /Digital/DOut_EN_3)
  (net 38 /Mic_Interface_3/AOut)
  (net 39 /Digital/CLK_EN)
  (net 40 /Data_Out)
  (net 41 /Clk_Out)
  (net 42 /Digital/MST_CLK)
  (net 43 /Mic_Interface_3/MST_CLK)
  (net 44 /Data_In)
  (net 45 "Net-(R301-Pad2)")
  (net 46 "Net-(R301-Pad1)")
  (net 47 "Net-(R401-Pad1)")
  (net 48 "Net-(R401-Pad2)")
  (net 49 "Net-(R501-Pad2)")
  (net 50 "Net-(R501-Pad1)")
  (net 51 "Net-(R601-Pad1)")
  (net 52 "Net-(R601-Pad2)")
  (net 53 "Net-(P101-Pad25)")
  (net 54 "Net-(P101-Pad27)")
  (net 55 "Net-(P101-Pad29)")
  (net 56 "Net-(P102-Pad26)")
  (net 57 "Net-(P102-Pad28)")
  (net 58 "Net-(P102-Pad30)")
  (net 59 /Digital/Word_Strobe)
  (net 60 "Net-(R304-Pad1)")
  (net 61 "Net-(R304-Pad2)")
  (net 62 "Net-(R404-Pad2)")
  (net 63 "Net-(R404-Pad1)")
  (net 64 "Net-(R504-Pad2)")
  (net 65 "Net-(R504-Pad1)")
  (net 66 "Net-(R604-Pad1)")
  (net 67 "Net-(R604-Pad2)")
  (net 68 "Net-(U106-Pad1)")
  (net 69 "Net-(U106-Pad4)")
  (net 70 "Net-(U106-Pad10)")
  (net 71 Plus_GND)
  (net 72 /Digital/SingleGain)
  (net 73 PlusEn)
  (net 74 "Net-(J202-Pad06)")
  (net 75 "Net-(J202-Pad07)")
  (net 76 "Net-(J202-Pad08)")
  (net 77 "Net-(U201-Pad17)")
  (net 78 "Net-(U201-Pad18)")
  (net 79 "Net-(U201-Pad31)")
  (net 80 "Net-(U201-Pad32)")
  (net 81 "Net-(U201-Pad33)")
  (net 82 "Net-(U201-Pad34)")
  (net 83 "Net-(U201-Pad36)")
  (net 84 "Net-(U201-Pad37)")
  (net 85 "Net-(U201-Pad38)")
  (net 86 "Net-(U201-Pad46)")
  (net 87 "Net-(U201-Pad47)")
  (net 88 "Net-(U201-Pad48)")
  (net 89 "Net-(U201-Pad56)")
  (net 90 "Net-(U201-Pad57)")
  (net 91 /Digital/~MCLR)
  (net 92 /Digital/TMS)
  (net 93 /Digital/TCK)
  (net 94 /Digital/TDO)
  (net 95 /Digital/TDI)
  (net 96 /Digital/PGD)
  (net 97 /Digital/PGC)
  (net 98 /Digital/I2S)
  (net 99 /Digital/I2C)
  (net 100 /Digital/SPI)
  (net 101 /Digital/MCLK)

  (net_class Default "This is the default net class."
    (clearance 0.2)
    (trace_width 0.25)
    (via_dia 0.8)
    (via_drill 0.4)
    (uvia_dia 0.3)
    (uvia_drill 0.1)
    (add_net +5V)
    (add_net /Clk_Out)
    (add_net /Data_In)
    (add_net /Data_Out)
    (add_net /Digital/CLK_EN)
    (add_net /Digital/DOut)
    (add_net /Digital/DOut_EN_1)
    (add_net /Digital/DOut_EN_2)
    (add_net /Digital/DOut_EN_3)
    (add_net /Digital/DOut_EN_4)
    (add_net /Digital/I2C)
    (add_net /Digital/I2S)
    (add_net /Digital/MCLK)
    (add_net /Digital/MST_CLK)
    (add_net /Digital/NegEn)
    (add_net /Digital/PGC)
    (add_net /Digital/PGD)
    (add_net /Digital/SPI)
    (add_net /Digital/Select)
    (add_net /Digital/SingleGain)
    (add_net /Digital/TCK)
    (add_net /Digital/TDI)
    (add_net /Digital/TDO)
    (add_net /Digital/TMS)
    (add_net /Digital/Word_Strobe)
    (add_net /Digital/~MCLR)
    (add_net /MB_Comm_En)
    (add_net /MST_Bias)
    (add_net /Mic_Interface_1/AOut)
    (add_net /Mic_Interface_1/MST_CLK)
    (add_net /Mic_Interface_1/V_Bias)
    (add_net /Mic_Interface_2/AOut)
    (add_net /Mic_Interface_2/MST_CLK)
    (add_net /Mic_Interface_2/V_Bias)
    (add_net /Mic_Interface_3/AOut)
    (add_net /Mic_Interface_3/MST_CLK)
    (add_net /Mic_Interface_3/V_Bias)
    (add_net /Mic_Interface_4/AOut)
    (add_net /Mic_Interface_4/V_Bias)
    (add_net GNDREF)
    (add_net "Net-(J201-Pad7)")
    (add_net "Net-(J202-Pad06)")
    (add_net "Net-(J202-Pad07)")
    (add_net "Net-(J202-Pad08)")
    (add_net "Net-(J301-Pad1)")
    (add_net "Net-(J301-Pad4)")
    (add_net "Net-(J301-Pad5)")
    (add_net "Net-(J301-Pad8)")
    (add_net "Net-(J401-Pad1)")
    (add_net "Net-(J401-Pad4)")
    (add_net "Net-(J401-Pad5)")
    (add_net "Net-(J401-Pad8)")
    (add_net "Net-(J501-Pad1)")
    (add_net "Net-(J501-Pad4)")
    (add_net "Net-(J501-Pad5)")
    (add_net "Net-(J501-Pad8)")
    (add_net "Net-(J601-Pad1)")
    (add_net "Net-(J601-Pad4)")
    (add_net "Net-(J601-Pad5)")
    (add_net "Net-(J601-Pad8)")
    (add_net "Net-(P101-Pad25)")
    (add_net "Net-(P101-Pad27)")
    (add_net "Net-(P101-Pad29)")
    (add_net "Net-(P102-Pad26)")
    (add_net "Net-(P102-Pad28)")
    (add_net "Net-(P102-Pad30)")
    (add_net "Net-(R301-Pad1)")
    (add_net "Net-(R301-Pad2)")
    (add_net "Net-(R304-Pad1)")
    (add_net "Net-(R304-Pad2)")
    (add_net "Net-(R401-Pad1)")
    (add_net "Net-(R401-Pad2)")
    (add_net "Net-(R404-Pad1)")
    (add_net "Net-(R404-Pad2)")
    (add_net "Net-(R501-Pad1)")
    (add_net "Net-(R501-Pad2)")
    (add_net "Net-(R504-Pad1)")
    (add_net "Net-(R504-Pad2)")
    (add_net "Net-(R601-Pad1)")
    (add_net "Net-(R601-Pad2)")
    (add_net "Net-(R604-Pad1)")
    (add_net "Net-(R604-Pad2)")
    (add_net "Net-(U106-Pad1)")
    (add_net "Net-(U106-Pad10)")
    (add_net "Net-(U106-Pad4)")
    (add_net "Net-(U201-Pad17)")
    (add_net "Net-(U201-Pad18)")
    (add_net "Net-(U201-Pad31)")
    (add_net "Net-(U201-Pad32)")
    (add_net "Net-(U201-Pad33)")
    (add_net "Net-(U201-Pad34)")
    (add_net "Net-(U201-Pad36)")
    (add_net "Net-(U201-Pad37)")
    (add_net "Net-(U201-Pad38)")
    (add_net "Net-(U201-Pad46)")
    (add_net "Net-(U201-Pad47)")
    (add_net "Net-(U201-Pad48)")
    (add_net "Net-(U201-Pad56)")
    (add_net "Net-(U201-Pad57)")
    (add_net PlusEn)
    (add_net Plus_GND)
  )

  (module digikey-footprints:PinHeader_2x5_P2.54mm_Drill1.2mm (layer F.Cu) (tedit 61BBDAB3) (tstamp 61416DF9)
    (at 22.92 -117.12)
    (descr http://www.on-shore.com/wp-content/uploads/2015/09/302-sxxx.pdf)
    (path /60E2D81E/613933E0)
    (fp_text reference J201 (at 4.6 -4.4) (layer F.SilkS)
      (effects (font (size 1 1) (thickness 0.15)))
    )
    (fp_text value 302-S101 (at 5.3 7.5) (layer F.Fab)
      (effects (font (size 1 1) (thickness 0.15)))
    )
    (fp_line (start -5 -3.3) (end 15.33 -3.3) (layer F.Fab) (width 0.1))
    (fp_line (start -5 -3.3) (end -5 5.8) (layer F.Fab) (width 0.1))
    (fp_line (start 15.33 -3.3) (end 15.33 5.8) (layer F.Fab) (width 0.1))
    (fp_line (start -5 5.8) (end 15.33 5.8) (layer F.Fab) (width 0.1))
    (fp_line (start 15.5 -3.4) (end 15 -3.4) (layer F.SilkS) (width 0.1))
    (fp_line (start 15.5 -3.4) (end 15.5 -2.9) (layer F.SilkS) (width 0.1))
    (fp_line (start -5.1 -3.4) (end -4.6 -3.4) (layer F.SilkS) (width 0.1))
    (fp_line (start -5.1 -3.4) (end -5.1 -2.9) (layer F.SilkS) (width 0.1))
    (fp_line (start -5.1 5.9) (end -5.1 5.4) (layer F.SilkS) (width 0.1))
    (fp_line (start -5.1 5.9) (end -4.6 5.9) (layer F.SilkS) (width 0.1))
    (fp_line (start 15.5 5.9) (end 15 5.9) (layer F.SilkS) (width 0.1))
    (fp_line (start 15.5 5.9) (end 15.5 5.4) (layer F.SilkS) (width 0.1))
    (fp_line (start 15.58 -3.55) (end 15.58 6.05) (layer F.CrtYd) (width 0.05))
    (fp_line (start 15.58 -3.55) (end -5.25 -3.55) (layer F.CrtYd) (width 0.05))
    (fp_line (start -5.25 -3.55) (end -5.25 6.05) (layer F.CrtYd) (width 0.05))
    (fp_line (start 15.58 6.05) (end -5.25 6.05) (layer F.CrtYd) (width 0.05))
    (fp_text user %R (at 5 1.3) (layer F.Fab) hide
      (effects (font (size 1 1) (thickness 0.15)))
    )
    (pad 1 thru_hole rect (at 0 0) (size 2.2 2.2) (drill 1.2) (layers *.Cu *.Mask)
      (net 1 +5V))
    (pad 2 thru_hole circle (at 0 2.54) (size 2.2 2.2) (drill 1.2) (layers *.Cu *.Mask)
      (net 92 /Digital/TMS))
    (pad 3 thru_hole circle (at 2.54 0) (size 2.2 2.2) (drill 1.2) (layers *.Cu *.Mask)
      (net 2 GNDREF))
    (pad 4 thru_hole circle (at 2.54 2.54) (size 2.2 2.2) (drill 1.2) (layers *.Cu *.Mask)
      (net 93 /Digital/TCK))
    (pad 5 thru_hole circle (at 5.08 0) (size 2.2 2.2) (drill 1.2) (layers *.Cu *.Mask)
      (net 2 GNDREF))
    (pad 6 thru_hole circle (at 5.08 2.54) (size 2.2 2.2) (drill 1.2) (layers *.Cu *.Mask)
      (net 94 /Digital/TDO))
    (pad 7 thru_hole circle (at 7.62 0) (size 2.2 2.2) (drill 1.2) (layers *.Cu *.Mask)
      (net 3 "Net-(J201-Pad7)"))
    (pad 8 thru_hole circle (at 7.62 2.54) (size 2.2 2.2) (drill 1.2) (layers *.Cu *.Mask)
      (net 95 /Digital/TDI))
    (pad 9 thru_hole circle (at 10.16 0) (size 2.2 2.2) (drill 1.2) (layers *.Cu *.Mask)
      (net 2 GNDREF))
    (pad 10 thru_hole circle (at 10.16 2.54) (size 2.2 2.2) (drill 1.2) (layers *.Cu *.Mask)
      (net 91 /Digital/~MCLR))
  )

  (module Capacitor_SMD:C_1206_3216Metric (layer F.Cu) (tedit 5F68FEEE) (tstamp 61416D85)
    (at -6.88 -66.32)
    (descr "Capacitor SMD 1206 (3216 Metric), square (rectangular) end terminal, IPC_7351 nominal, (Body size source: IPC-SM-782 page 76, https://www.pcb-3d.com/wordpress/wp-content/uploads/ipc-sm-782a_amendment_1_and_2.pdf), generated with kicad-footprint-generator")
    (tags capacitor)
    (path /615124F9)
    (attr smd)
    (fp_text reference C101 (at 0.26 2.14) (layer F.SilkS)
      (effects (font (size 1 1) (thickness 0.15)))
    )
    (fp_text value 1uF (at 0 1.85) (layer F.Fab) hide
      (effects (font (size 1 1) (thickness 0.15)))
    )
    (fp_line (start 2.3 1.15) (end -2.3 1.15) (layer F.CrtYd) (width 0.05))
    (fp_line (start 2.3 -1.15) (end 2.3 1.15) (layer F.CrtYd) (width 0.05))
    (fp_line (start -2.3 -1.15) (end 2.3 -1.15) (layer F.CrtYd) (width 0.05))
    (fp_line (start -2.3 1.15) (end -2.3 -1.15) (layer F.CrtYd) (width 0.05))
    (fp_line (start -0.711252 0.91) (end 0.711252 0.91) (layer F.SilkS) (width 0.12))
    (fp_line (start -0.711252 -0.91) (end 0.711252 -0.91) (layer F.SilkS) (width 0.12))
    (fp_line (start 1.6 0.8) (end -1.6 0.8) (layer F.Fab) (width 0.1))
    (fp_line (start 1.6 -0.8) (end 1.6 0.8) (layer F.Fab) (width 0.1))
    (fp_line (start -1.6 -0.8) (end 1.6 -0.8) (layer F.Fab) (width 0.1))
    (fp_line (start -1.6 0.8) (end -1.6 -0.8) (layer F.Fab) (width 0.1))
    (fp_text user %R (at 0 0) (layer F.Fab) hide
      (effects (font (size 0.8 0.8) (thickness 0.12)))
    )
    (pad 1 smd roundrect (at -1.475 0) (size 1.15 1.8) (layers F.Cu F.Paste F.Mask) (roundrect_rratio 0.217391)
      (net 1 +5V))
    (pad 2 smd roundrect (at 1.475 0) (size 1.15 1.8) (layers F.Cu F.Paste F.Mask) (roundrect_rratio 0.217391)
      (net 2 GNDREF))
    (model ${KISYS3DMOD}/Capacitor_SMD.3dshapes/C_1206_3216Metric.wrl
      (at (xyz 0 0 0))
      (scale (xyz 1 1 1))
      (rotate (xyz 0 0 0))
    )
  )

  (module Capacitor_SMD:C_1206_3216Metric (layer F.Cu) (tedit 5F68FEEE) (tstamp 615B95A8)
    (at 16.59 -106.175 270)
    (descr "Capacitor SMD 1206 (3216 Metric), square (rectangular) end terminal, IPC_7351 nominal, (Body size source: IPC-SM-782 page 76, https://www.pcb-3d.com/wordpress/wp-content/uploads/ipc-sm-782a_amendment_1_and_2.pdf), generated with kicad-footprint-generator")
    (tags capacitor)
    (path /60E2D81E/613ECEAE)
    (attr smd)
    (fp_text reference C201 (at -3.6 0.02 180) (layer F.SilkS)
      (effects (font (size 1 1) (thickness 0.15)))
    )
    (fp_text value 100nF (at 0 1.85 90) (layer F.Fab) hide
      (effects (font (size 1 1) (thickness 0.15)))
    )
    (fp_line (start -1.6 0.8) (end -1.6 -0.8) (layer F.Fab) (width 0.1))
    (fp_line (start -1.6 -0.8) (end 1.6 -0.8) (layer F.Fab) (width 0.1))
    (fp_line (start 1.6 -0.8) (end 1.6 0.8) (layer F.Fab) (width 0.1))
    (fp_line (start 1.6 0.8) (end -1.6 0.8) (layer F.Fab) (width 0.1))
    (fp_line (start -0.711252 -0.91) (end 0.711252 -0.91) (layer F.SilkS) (width 0.12))
    (fp_line (start -0.711252 0.91) (end 0.711252 0.91) (layer F.SilkS) (width 0.12))
    (fp_line (start -2.3 1.15) (end -2.3 -1.15) (layer F.CrtYd) (width 0.05))
    (fp_line (start -2.3 -1.15) (end 2.3 -1.15) (layer F.CrtYd) (width 0.05))
    (fp_line (start 2.3 -1.15) (end 2.3 1.15) (layer F.CrtYd) (width 0.05))
    (fp_line (start 2.3 1.15) (end -2.3 1.15) (layer F.CrtYd) (width 0.05))
    (fp_text user %R (at 0 0 90) (layer F.Fab) hide
      (effects (font (size 0.8 0.8) (thickness 0.12)))
    )
    (pad 2 smd roundrect (at 1.475 0 270) (size 1.15 1.8) (layers F.Cu F.Paste F.Mask) (roundrect_rratio 0.217391)
      (net 2 GNDREF))
    (pad 1 smd roundrect (at -1.475 0 270) (size 1.15 1.8) (layers F.Cu F.Paste F.Mask) (roundrect_rratio 0.217391)
      (net 91 /Digital/~MCLR))
    (model ${KISYS3DMOD}/Capacitor_SMD.3dshapes/C_1206_3216Metric.wrl
      (at (xyz 0 0 0))
      (scale (xyz 1 1 1))
      (rotate (xyz 0 0 0))
    )
  )

  (module dcm-footprint:Kyocera_6288 (layer F.Cu) (tedit 61414EC8) (tstamp 61416E0F)
    (at -69.98 -96.07 90)
    (path /612D7BBA/612F293F)
    (fp_text reference J301 (at 0 -5.75 90) (layer F.SilkS)
      (effects (font (size 1 1) (thickness 0.15)))
    )
    (fp_text value Conn_01x08_0.5mm_Female_Kyocera (at 0 -7.25 90) (layer F.Fab) hide
      (effects (font (size 1 1) (thickness 0.15)))
    )
    (fp_line (start -5 4) (end -5 -4) (layer F.CrtYd) (width 0.12))
    (fp_line (start 5 4) (end -5 4) (layer F.CrtYd) (width 0.12))
    (fp_line (start 5 -4) (end 5 4) (layer F.CrtYd) (width 0.12))
    (fp_line (start -5 -4) (end 5 -4) (layer F.CrtYd) (width 0.12))
    (fp_line (start -5 4) (end -5 -4) (layer F.SilkS) (width 0.12))
    (fp_line (start 5 4) (end -5 4) (layer F.SilkS) (width 0.12))
    (fp_line (start 5 -4) (end 5 4) (layer F.SilkS) (width 0.12))
    (fp_line (start -5 -4) (end 5 -4) (layer F.SilkS) (width 0.12))
    (pad 1 smd rect (at 1.75 -3.05 90) (size 0.3 1.3) (layers F.Cu F.Paste F.Mask)
      (net 4 "Net-(J301-Pad1)"))
    (pad 2 smd rect (at 1.25 -3.05 90) (size 0.3 1.3) (layers F.Cu F.Paste F.Mask)
      (net 2 GNDREF))
    (pad 3 smd rect (at 0.75 -3.05 90) (size 0.3 1.3) (layers F.Cu F.Paste F.Mask)
      (net 5 /Mic_Interface_1/V_Bias))
    (pad 4 smd rect (at 0.25 -3.05 90) (size 0.3 1.3) (layers F.Cu F.Paste F.Mask)
      (net 6 "Net-(J301-Pad4)"))
    (pad 5 smd rect (at -0.25 -3.05 90) (size 0.3 1.3) (layers F.Cu F.Paste F.Mask)
      (net 7 "Net-(J301-Pad5)"))
    (pad 6 smd rect (at -0.75 -3.05 90) (size 0.3 1.3) (layers F.Cu F.Paste F.Mask)
      (net 8 /Digital/Select))
    (pad 7 smd rect (at -1.25 -3.05 90) (size 0.3 1.3) (layers F.Cu F.Paste F.Mask)
      (net 59 /Digital/Word_Strobe))
    (pad 8 smd rect (at -1.75 -3.05 90) (size 0.3 1.3) (layers F.Cu F.Paste F.Mask)
      (net 9 "Net-(J301-Pad8)"))
    (pad "" smd rect (at 3.9 2.6 90) (size 1.8 2.2) (layers F.Cu F.Paste F.Mask))
    (pad "" smd rect (at -3.9 2.6 90) (size 1.8 2.2) (layers F.Cu F.Paste F.Mask))
  )

  (module dcm-footprint:Kyocera_6288 (layer F.Cu) (tedit 61414EC8) (tstamp 61416E25)
    (at -69.96 -84 90)
    (path /6130FFE3/612F293F)
    (fp_text reference J401 (at 0 -5.75 90) (layer F.SilkS)
      (effects (font (size 1 1) (thickness 0.15)))
    )
    (fp_text value Conn_01x08_0.5mm_Female_Kyocera (at 0 -7.25 90) (layer F.Fab) hide
      (effects (font (size 1 1) (thickness 0.15)))
    )
    (fp_line (start -5 4) (end -5 -4) (layer F.CrtYd) (width 0.12))
    (fp_line (start 5 4) (end -5 4) (layer F.CrtYd) (width 0.12))
    (fp_line (start 5 -4) (end 5 4) (layer F.CrtYd) (width 0.12))
    (fp_line (start -5 -4) (end 5 -4) (layer F.CrtYd) (width 0.12))
    (fp_line (start -5 4) (end -5 -4) (layer F.SilkS) (width 0.12))
    (fp_line (start 5 4) (end -5 4) (layer F.SilkS) (width 0.12))
    (fp_line (start 5 -4) (end 5 4) (layer F.SilkS) (width 0.12))
    (fp_line (start -5 -4) (end 5 -4) (layer F.SilkS) (width 0.12))
    (pad 1 smd rect (at 1.75 -3.05 90) (size 0.3 1.3) (layers F.Cu F.Paste F.Mask)
      (net 10 "Net-(J401-Pad1)"))
    (pad 2 smd rect (at 1.25 -3.05 90) (size 0.3 1.3) (layers F.Cu F.Paste F.Mask)
      (net 2 GNDREF))
    (pad 3 smd rect (at 0.75 -3.05 90) (size 0.3 1.3) (layers F.Cu F.Paste F.Mask)
      (net 11 /Mic_Interface_2/V_Bias))
    (pad 4 smd rect (at 0.25 -3.05 90) (size 0.3 1.3) (layers F.Cu F.Paste F.Mask)
      (net 12 "Net-(J401-Pad4)"))
    (pad 5 smd rect (at -0.25 -3.05 90) (size 0.3 1.3) (layers F.Cu F.Paste F.Mask)
      (net 13 "Net-(J401-Pad5)"))
    (pad 6 smd rect (at -0.75 -3.05 90) (size 0.3 1.3) (layers F.Cu F.Paste F.Mask)
      (net 8 /Digital/Select))
    (pad 7 smd rect (at -1.25 -3.05 90) (size 0.3 1.3) (layers F.Cu F.Paste F.Mask)
      (net 59 /Digital/Word_Strobe))
    (pad 8 smd rect (at -1.75 -3.05 90) (size 0.3 1.3) (layers F.Cu F.Paste F.Mask)
      (net 14 "Net-(J401-Pad8)"))
    (pad "" smd rect (at 3.9 2.6 90) (size 1.8 2.2) (layers F.Cu F.Paste F.Mask))
    (pad "" smd rect (at -3.9 2.6 90) (size 1.8 2.2) (layers F.Cu F.Paste F.Mask))
  )

  (module dcm-footprint:Kyocera_6288 (layer F.Cu) (tedit 61414EC8) (tstamp 61416E3B)
    (at -70.03 -59.98 90)
    (path /6159EF26/612F293F)
    (fp_text reference J501 (at 0 -5.75 90) (layer F.SilkS)
      (effects (font (size 1 1) (thickness 0.15)))
    )
    (fp_text value Conn_01x08_0.5mm_Female_Kyocera (at 0 -7.25 90) (layer F.Fab) hide
      (effects (font (size 1 1) (thickness 0.15)))
    )
    (fp_line (start -5 -4) (end 5 -4) (layer F.SilkS) (width 0.12))
    (fp_line (start 5 -4) (end 5 4) (layer F.SilkS) (width 0.12))
    (fp_line (start 5 4) (end -5 4) (layer F.SilkS) (width 0.12))
    (fp_line (start -5 4) (end -5 -4) (layer F.SilkS) (width 0.12))
    (fp_line (start -5 -4) (end 5 -4) (layer F.CrtYd) (width 0.12))
    (fp_line (start 5 -4) (end 5 4) (layer F.CrtYd) (width 0.12))
    (fp_line (start 5 4) (end -5 4) (layer F.CrtYd) (width 0.12))
    (fp_line (start -5 4) (end -5 -4) (layer F.CrtYd) (width 0.12))
    (pad "" smd rect (at -3.9 2.6 90) (size 1.8 2.2) (layers F.Cu F.Paste F.Mask))
    (pad "" smd rect (at 3.9 2.6 90) (size 1.8 2.2) (layers F.Cu F.Paste F.Mask))
    (pad 8 smd rect (at -1.75 -3.05 90) (size 0.3 1.3) (layers F.Cu F.Paste F.Mask)
      (net 15 "Net-(J501-Pad8)"))
    (pad 7 smd rect (at -1.25 -3.05 90) (size 0.3 1.3) (layers F.Cu F.Paste F.Mask)
      (net 59 /Digital/Word_Strobe))
    (pad 6 smd rect (at -0.75 -3.05 90) (size 0.3 1.3) (layers F.Cu F.Paste F.Mask)
      (net 8 /Digital/Select))
    (pad 5 smd rect (at -0.25 -3.05 90) (size 0.3 1.3) (layers F.Cu F.Paste F.Mask)
      (net 16 "Net-(J501-Pad5)"))
    (pad 4 smd rect (at 0.25 -3.05 90) (size 0.3 1.3) (layers F.Cu F.Paste F.Mask)
      (net 17 "Net-(J501-Pad4)"))
    (pad 3 smd rect (at 0.75 -3.05 90) (size 0.3 1.3) (layers F.Cu F.Paste F.Mask)
      (net 18 /Mic_Interface_4/V_Bias))
    (pad 2 smd rect (at 1.25 -3.05 90) (size 0.3 1.3) (layers F.Cu F.Paste F.Mask)
      (net 2 GNDREF))
    (pad 1 smd rect (at 1.75 -3.05 90) (size 0.3 1.3) (layers F.Cu F.Paste F.Mask)
      (net 19 "Net-(J501-Pad1)"))
  )

  (module dcm-footprint:Kyocera_6288 (layer F.Cu) (tedit 61414EC8) (tstamp 61416E51)
    (at -70 -71.95 90)
    (path /6159E578/612F293F)
    (fp_text reference J601 (at 0 -5.75 90) (layer F.SilkS)
      (effects (font (size 1 1) (thickness 0.15)))
    )
    (fp_text value Conn_01x08_0.5mm_Female_Kyocera (at 0 -7.25 90) (layer F.Fab) hide
      (effects (font (size 1 1) (thickness 0.15)))
    )
    (fp_line (start -5 -4) (end 5 -4) (layer F.SilkS) (width 0.12))
    (fp_line (start 5 -4) (end 5 4) (layer F.SilkS) (width 0.12))
    (fp_line (start 5 4) (end -5 4) (layer F.SilkS) (width 0.12))
    (fp_line (start -5 4) (end -5 -4) (layer F.SilkS) (width 0.12))
    (fp_line (start -5 -4) (end 5 -4) (layer F.CrtYd) (width 0.12))
    (fp_line (start 5 -4) (end 5 4) (layer F.CrtYd) (width 0.12))
    (fp_line (start 5 4) (end -5 4) (layer F.CrtYd) (width 0.12))
    (fp_line (start -5 4) (end -5 -4) (layer F.CrtYd) (width 0.12))
    (pad "" smd rect (at -3.9 2.6 90) (size 1.8 2.2) (layers F.Cu F.Paste F.Mask))
    (pad "" smd rect (at 3.9 2.6 90) (size 1.8 2.2) (layers F.Cu F.Paste F.Mask))
    (pad 8 smd rect (at -1.75 -3.05 90) (size 0.3 1.3) (layers F.Cu F.Paste F.Mask)
      (net 20 "Net-(J601-Pad8)"))
    (pad 7 smd rect (at -1.25 -3.05 90) (size 0.3 1.3) (layers F.Cu F.Paste F.Mask)
      (net 59 /Digital/Word_Strobe))
    (pad 6 smd rect (at -0.75 -3.05 90) (size 0.3 1.3) (layers F.Cu F.Paste F.Mask)
      (net 8 /Digital/Select))
    (pad 5 smd rect (at -0.25 -3.05 90) (size 0.3 1.3) (layers F.Cu F.Paste F.Mask)
      (net 21 "Net-(J601-Pad5)"))
    (pad 4 smd rect (at 0.25 -3.05 90) (size 0.3 1.3) (layers F.Cu F.Paste F.Mask)
      (net 22 "Net-(J601-Pad4)"))
    (pad 3 smd rect (at 0.75 -3.05 90) (size 0.3 1.3) (layers F.Cu F.Paste F.Mask)
      (net 23 /Mic_Interface_3/V_Bias))
    (pad 2 smd rect (at 1.25 -3.05 90) (size 0.3 1.3) (layers F.Cu F.Paste F.Mask)
      (net 2 GNDREF))
    (pad 1 smd rect (at 1.75 -3.05 90) (size 0.3 1.3) (layers F.Cu F.Paste F.Mask)
      (net 24 "Net-(J601-Pad1)"))
  )

  (module Resistor_SMD:R_1206_3216Metric (layer F.Cu) (tedit 5F68FEEE) (tstamp 614170A2)
    (at -14.054999 -53.344999)
    (descr "Resistor SMD 1206 (3216 Metric), square (rectangular) end terminal, IPC_7351 nominal, (Body size source: IPC-SM-782 page 72, https://www.pcb-3d.com/wordpress/wp-content/uploads/ipc-sm-782a_amendment_1_and_2.pdf), generated with kicad-footprint-generator")
    (tags resistor)
    (path /615124C5)
    (attr smd)
    (fp_text reference R101 (at 0 -1.82) (layer F.SilkS)
      (effects (font (size 1 1) (thickness 0.15)))
    )
    (fp_text value 100KΩ (at 0 1.82) (layer F.Fab)
      (effects (font (size 1 1) (thickness 0.15)))
    )
    (fp_line (start -1.6 0.8) (end -1.6 -0.8) (layer F.Fab) (width 0.1))
    (fp_line (start -1.6 -0.8) (end 1.6 -0.8) (layer F.Fab) (width 0.1))
    (fp_line (start 1.6 -0.8) (end 1.6 0.8) (layer F.Fab) (width 0.1))
    (fp_line (start 1.6 0.8) (end -1.6 0.8) (layer F.Fab) (width 0.1))
    (fp_line (start -0.727064 -0.91) (end 0.727064 -0.91) (layer F.SilkS) (width 0.12))
    (fp_line (start -0.727064 0.91) (end 0.727064 0.91) (layer F.SilkS) (width 0.12))
    (fp_line (start -2.28 1.12) (end -2.28 -1.12) (layer F.CrtYd) (width 0.05))
    (fp_line (start -2.28 -1.12) (end 2.28 -1.12) (layer F.CrtYd) (width 0.05))
    (fp_line (start 2.28 -1.12) (end 2.28 1.12) (layer F.CrtYd) (width 0.05))
    (fp_line (start 2.28 1.12) (end -2.28 1.12) (layer F.CrtYd) (width 0.05))
    (fp_text user %R (at 0 0) (layer F.Fab)
      (effects (font (size 0.8 0.8) (thickness 0.12)))
    )
    (pad 2 smd roundrect (at 1.4625 0) (size 1.125 1.75) (layers F.Cu F.Paste F.Mask) (roundrect_rratio 0.222222)
      (net 2 GNDREF))
    (pad 1 smd roundrect (at -1.4625 0) (size 1.125 1.75) (layers F.Cu F.Paste F.Mask) (roundrect_rratio 0.222222)
      (net 25 /MST_Bias))
    (model ${KISYS3DMOD}/Resistor_SMD.3dshapes/R_1206_3216Metric.wrl
      (at (xyz 0 0 0))
      (scale (xyz 1 1 1))
      (rotate (xyz 0 0 0))
    )
  )

  (module Resistor_SMD:R_1206_3216Metric (layer F.Cu) (tedit 5F68FEEE) (tstamp 614170C4)
    (at -40.41 -97.84 90)
    (descr "Resistor SMD 1206 (3216 Metric), square (rectangular) end terminal, IPC_7351 nominal, (Body size source: IPC-SM-782 page 72, https://www.pcb-3d.com/wordpress/wp-content/uploads/ipc-sm-782a_amendment_1_and_2.pdf), generated with kicad-footprint-generator")
    (tags resistor)
    (path /612D7BBA/612F28D7)
    (attr smd)
    (fp_text reference R301 (at 3.15 -0.13 180) (layer F.SilkS)
      (effects (font (size 1 1) (thickness 0.15)))
    )
    (fp_text value 10KΩ (at 0 1.82 90) (layer F.Fab) hide
      (effects (font (size 1 1) (thickness 0.15)))
    )
    (fp_line (start -1.6 0.8) (end -1.6 -0.8) (layer F.Fab) (width 0.1))
    (fp_line (start -1.6 -0.8) (end 1.6 -0.8) (layer F.Fab) (width 0.1))
    (fp_line (start 1.6 -0.8) (end 1.6 0.8) (layer F.Fab) (width 0.1))
    (fp_line (start 1.6 0.8) (end -1.6 0.8) (layer F.Fab) (width 0.1))
    (fp_line (start -0.727064 -0.91) (end 0.727064 -0.91) (layer F.SilkS) (width 0.12))
    (fp_line (start -0.727064 0.91) (end 0.727064 0.91) (layer F.SilkS) (width 0.12))
    (fp_line (start -2.28 1.12) (end -2.28 -1.12) (layer F.CrtYd) (width 0.05))
    (fp_line (start -2.28 -1.12) (end 2.28 -1.12) (layer F.CrtYd) (width 0.05))
    (fp_line (start 2.28 -1.12) (end 2.28 1.12) (layer F.CrtYd) (width 0.05))
    (fp_line (start 2.28 1.12) (end -2.28 1.12) (layer F.CrtYd) (width 0.05))
    (fp_text user %R (at 0.244999 0.004999 90) (layer F.Fab) hide
      (effects (font (size 0.8 0.8) (thickness 0.12)))
    )
    (pad 2 smd roundrect (at 1.4625 0 90) (size 1.125 1.75) (layers F.Cu F.Paste F.Mask) (roundrect_rratio 0.222222)
      (net 45 "Net-(R301-Pad2)"))
    (pad 1 smd roundrect (at -1.4625 0 90) (size 1.125 1.75) (layers F.Cu F.Paste F.Mask) (roundrect_rratio 0.222222)
      (net 46 "Net-(R301-Pad1)"))
    (model ${KISYS3DMOD}/Resistor_SMD.3dshapes/R_1206_3216Metric.wrl
      (at (xyz 0 0 0))
      (scale (xyz 1 1 1))
      (rotate (xyz 0 0 0))
    )
  )

  (module Resistor_SMD:R_1206_3216Metric (layer F.Cu) (tedit 5F68FEEE) (tstamp 614170D5)
    (at 7.135001 -65.754999)
    (descr "Resistor SMD 1206 (3216 Metric), square (rectangular) end terminal, IPC_7351 nominal, (Body size source: IPC-SM-782 page 72, https://www.pcb-3d.com/wordpress/wp-content/uploads/ipc-sm-782a_amendment_1_and_2.pdf), generated with kicad-footprint-generator")
    (tags resistor)
    (path /612D7BBA/61527AC0)
    (attr smd)
    (fp_text reference R302 (at 0 -1.82) (layer F.SilkS)
      (effects (font (size 1 1) (thickness 0.15)))
    )
    (fp_text value 100KΩ (at 0 1.82) (layer F.Fab)
      (effects (font (size 1 1) (thickness 0.15)))
    )
    (fp_line (start 2.28 1.12) (end -2.28 1.12) (layer F.CrtYd) (width 0.05))
    (fp_line (start 2.28 -1.12) (end 2.28 1.12) (layer F.CrtYd) (width 0.05))
    (fp_line (start -2.28 -1.12) (end 2.28 -1.12) (layer F.CrtYd) (width 0.05))
    (fp_line (start -2.28 1.12) (end -2.28 -1.12) (layer F.CrtYd) (width 0.05))
    (fp_line (start -0.727064 0.91) (end 0.727064 0.91) (layer F.SilkS) (width 0.12))
    (fp_line (start -0.727064 -0.91) (end 0.727064 -0.91) (layer F.SilkS) (width 0.12))
    (fp_line (start 1.6 0.8) (end -1.6 0.8) (layer F.Fab) (width 0.1))
    (fp_line (start 1.6 -0.8) (end 1.6 0.8) (layer F.Fab) (width 0.1))
    (fp_line (start -1.6 -0.8) (end 1.6 -0.8) (layer F.Fab) (width 0.1))
    (fp_line (start -1.6 0.8) (end -1.6 -0.8) (layer F.Fab) (width 0.1))
    (fp_text user %R (at 0 0) (layer F.Fab)
      (effects (font (size 0.8 0.8) (thickness 0.12)))
    )
    (pad 1 smd roundrect (at -1.4625 0) (size 1.125 1.75) (layers F.Cu F.Paste F.Mask) (roundrect_rratio 0.222222)
      (net 2 GNDREF))
    (pad 2 smd roundrect (at 1.4625 0) (size 1.125 1.75) (layers F.Cu F.Paste F.Mask) (roundrect_rratio 0.222222)
      (net 73 PlusEn))
    (model ${KISYS3DMOD}/Resistor_SMD.3dshapes/R_1206_3216Metric.wrl
      (at (xyz 0 0 0))
      (scale (xyz 1 1 1))
      (rotate (xyz 0 0 0))
    )
  )

  (module Resistor_SMD:R_1206_3216Metric (layer F.Cu) (tedit 5F68FEEE) (tstamp 614170E6)
    (at -40.41 -92.82 90)
    (descr "Resistor SMD 1206 (3216 Metric), square (rectangular) end terminal, IPC_7351 nominal, (Body size source: IPC-SM-782 page 72, https://www.pcb-3d.com/wordpress/wp-content/uploads/ipc-sm-782a_amendment_1_and_2.pdf), generated with kicad-footprint-generator")
    (tags resistor)
    (path /612D7BBA/612F28DD)
    (attr smd)
    (fp_text reference R303 (at -3.3 0 180) (layer F.SilkS)
      (effects (font (size 1 1) (thickness 0.15)))
    )
    (fp_text value 100KΩ (at 0 1.82 90) (layer F.Fab) hide
      (effects (font (size 1 1) (thickness 0.15)))
    )
    (fp_line (start 2.28 1.12) (end -2.28 1.12) (layer F.CrtYd) (width 0.05))
    (fp_line (start 2.28 -1.12) (end 2.28 1.12) (layer F.CrtYd) (width 0.05))
    (fp_line (start -2.28 -1.12) (end 2.28 -1.12) (layer F.CrtYd) (width 0.05))
    (fp_line (start -2.28 1.12) (end -2.28 -1.12) (layer F.CrtYd) (width 0.05))
    (fp_line (start -0.727064 0.91) (end 0.727064 0.91) (layer F.SilkS) (width 0.12))
    (fp_line (start -0.727064 -0.91) (end 0.727064 -0.91) (layer F.SilkS) (width 0.12))
    (fp_line (start 1.6 0.8) (end -1.6 0.8) (layer F.Fab) (width 0.1))
    (fp_line (start 1.6 -0.8) (end 1.6 0.8) (layer F.Fab) (width 0.1))
    (fp_line (start -1.6 -0.8) (end 1.6 -0.8) (layer F.Fab) (width 0.1))
    (fp_line (start -1.6 0.8) (end -1.6 -0.8) (layer F.Fab) (width 0.1))
    (fp_text user %R (at 0 0 90) (layer F.Fab) hide
      (effects (font (size 0.8 0.8) (thickness 0.12)))
    )
    (pad 1 smd roundrect (at -1.4625 0 90) (size 1.125 1.75) (layers F.Cu F.Paste F.Mask) (roundrect_rratio 0.222222)
      (net 2 GNDREF))
    (pad 2 smd roundrect (at 1.4625 0 90) (size 1.125 1.75) (layers F.Cu F.Paste F.Mask) (roundrect_rratio 0.222222)
      (net 46 "Net-(R301-Pad1)"))
    (model ${KISYS3DMOD}/Resistor_SMD.3dshapes/R_1206_3216Metric.wrl
      (at (xyz 0 0 0))
      (scale (xyz 1 1 1))
      (rotate (xyz 0 0 0))
    )
  )

  (module Resistor_SMD:R_1206_3216Metric (layer F.Cu) (tedit 5F68FEEE) (tstamp 61417108)
    (at -36.22 -92.84 90)
    (descr "Resistor SMD 1206 (3216 Metric), square (rectangular) end terminal, IPC_7351 nominal, (Body size source: IPC-SM-782 page 72, https://www.pcb-3d.com/wordpress/wp-content/uploads/ipc-sm-782a_amendment_1_and_2.pdf), generated with kicad-footprint-generator")
    (tags resistor)
    (path /612D7BBA/612F2915)
    (attr smd)
    (fp_text reference R304 (at -3.27 0.23 180) (layer F.SilkS)
      (effects (font (size 1 1) (thickness 0.15)))
    )
    (fp_text value 10KΩ (at 0 1.82 90) (layer F.Fab) hide
      (effects (font (size 1 1) (thickness 0.15)))
    )
    (fp_line (start 2.28 1.12) (end -2.28 1.12) (layer F.CrtYd) (width 0.05))
    (fp_line (start 2.28 -1.12) (end 2.28 1.12) (layer F.CrtYd) (width 0.05))
    (fp_line (start -2.28 -1.12) (end 2.28 -1.12) (layer F.CrtYd) (width 0.05))
    (fp_line (start -2.28 1.12) (end -2.28 -1.12) (layer F.CrtYd) (width 0.05))
    (fp_line (start -0.727064 0.91) (end 0.727064 0.91) (layer F.SilkS) (width 0.12))
    (fp_line (start -0.727064 -0.91) (end 0.727064 -0.91) (layer F.SilkS) (width 0.12))
    (fp_line (start 1.6 0.8) (end -1.6 0.8) (layer F.Fab) (width 0.1))
    (fp_line (start 1.6 -0.8) (end 1.6 0.8) (layer F.Fab) (width 0.1))
    (fp_line (start -1.6 -0.8) (end 1.6 -0.8) (layer F.Fab) (width 0.1))
    (fp_line (start -1.6 0.8) (end -1.6 -0.8) (layer F.Fab) (width 0.1))
    (fp_text user %R (at 0 0 90) (layer F.Fab) hide
      (effects (font (size 0.8 0.8) (thickness 0.12)))
    )
    (pad 1 smd roundrect (at -1.4625 0 90) (size 1.125 1.75) (layers F.Cu F.Paste F.Mask) (roundrect_rratio 0.222222)
      (net 60 "Net-(R304-Pad1)"))
    (pad 2 smd roundrect (at 1.4625 0 90) (size 1.125 1.75) (layers F.Cu F.Paste F.Mask) (roundrect_rratio 0.222222)
      (net 61 "Net-(R304-Pad2)"))
    (model ${KISYS3DMOD}/Resistor_SMD.3dshapes/R_1206_3216Metric.wrl
      (at (xyz 0 0 0))
      (scale (xyz 1 1 1))
      (rotate (xyz 0 0 0))
    )
  )

  (module Resistor_SMD:R_1206_3216Metric (layer F.Cu) (tedit 5F68FEEE) (tstamp 61417119)
    (at -36.22 -97.89 270)
    (descr "Resistor SMD 1206 (3216 Metric), square (rectangular) end terminal, IPC_7351 nominal, (Body size source: IPC-SM-782 page 72, https://www.pcb-3d.com/wordpress/wp-content/uploads/ipc-sm-782a_amendment_1_and_2.pdf), generated with kicad-footprint-generator")
    (tags resistor)
    (path /612D7BBA/612F28F6)
    (attr smd)
    (fp_text reference R305 (at -3.14 0 180) (layer F.SilkS)
      (effects (font (size 1 1) (thickness 0.15)))
    )
    (fp_text value 100KΩ (at 0 1.82 90) (layer F.Fab) hide
      (effects (font (size 1 1) (thickness 0.15)))
    )
    (fp_line (start -1.6 0.8) (end -1.6 -0.8) (layer F.Fab) (width 0.1))
    (fp_line (start -1.6 -0.8) (end 1.6 -0.8) (layer F.Fab) (width 0.1))
    (fp_line (start 1.6 -0.8) (end 1.6 0.8) (layer F.Fab) (width 0.1))
    (fp_line (start 1.6 0.8) (end -1.6 0.8) (layer F.Fab) (width 0.1))
    (fp_line (start -0.727064 -0.91) (end 0.727064 -0.91) (layer F.SilkS) (width 0.12))
    (fp_line (start -0.727064 0.91) (end 0.727064 0.91) (layer F.SilkS) (width 0.12))
    (fp_line (start -2.28 1.12) (end -2.28 -1.12) (layer F.CrtYd) (width 0.05))
    (fp_line (start -2.28 -1.12) (end 2.28 -1.12) (layer F.CrtYd) (width 0.05))
    (fp_line (start 2.28 -1.12) (end 2.28 1.12) (layer F.CrtYd) (width 0.05))
    (fp_line (start 2.28 1.12) (end -2.28 1.12) (layer F.CrtYd) (width 0.05))
    (fp_text user %R (at 0 0 90) (layer F.Fab) hide
      (effects (font (size 0.8 0.8) (thickness 0.12)))
    )
    (pad 2 smd roundrect (at 1.4625 0 270) (size 1.125 1.75) (layers F.Cu F.Paste F.Mask) (roundrect_rratio 0.222222)
      (net 61 "Net-(R304-Pad2)"))
    (pad 1 smd roundrect (at -1.4625 0 270) (size 1.125 1.75) (layers F.Cu F.Paste F.Mask) (roundrect_rratio 0.222222)
      (net 32 /Mic_Interface_1/AOut))
    (model ${KISYS3DMOD}/Resistor_SMD.3dshapes/R_1206_3216Metric.wrl
      (at (xyz 0 0 0))
      (scale (xyz 1 1 1))
      (rotate (xyz 0 0 0))
    )
  )

  (module Resistor_SMD:R_1206_3216Metric (layer F.Cu) (tedit 5F68FEEE) (tstamp 6141712A)
    (at 9.505001 -74.814999)
    (descr "Resistor SMD 1206 (3216 Metric), square (rectangular) end terminal, IPC_7351 nominal, (Body size source: IPC-SM-782 page 72, https://www.pcb-3d.com/wordpress/wp-content/uploads/ipc-sm-782a_amendment_1_and_2.pdf), generated with kicad-footprint-generator")
    (tags resistor)
    (path /612D7BBA/6151F074)
    (attr smd)
    (fp_text reference R306 (at 0 -1.82) (layer F.SilkS)
      (effects (font (size 1 1) (thickness 0.15)))
    )
    (fp_text value 100KΩ (at 0 1.82) (layer F.Fab)
      (effects (font (size 1 1) (thickness 0.15)))
    )
    (fp_line (start -1.6 0.8) (end -1.6 -0.8) (layer F.Fab) (width 0.1))
    (fp_line (start -1.6 -0.8) (end 1.6 -0.8) (layer F.Fab) (width 0.1))
    (fp_line (start 1.6 -0.8) (end 1.6 0.8) (layer F.Fab) (width 0.1))
    (fp_line (start 1.6 0.8) (end -1.6 0.8) (layer F.Fab) (width 0.1))
    (fp_line (start -0.727064 -0.91) (end 0.727064 -0.91) (layer F.SilkS) (width 0.12))
    (fp_line (start -0.727064 0.91) (end 0.727064 0.91) (layer F.SilkS) (width 0.12))
    (fp_line (start -2.28 1.12) (end -2.28 -1.12) (layer F.CrtYd) (width 0.05))
    (fp_line (start -2.28 -1.12) (end 2.28 -1.12) (layer F.CrtYd) (width 0.05))
    (fp_line (start 2.28 -1.12) (end 2.28 1.12) (layer F.CrtYd) (width 0.05))
    (fp_line (start 2.28 1.12) (end -2.28 1.12) (layer F.CrtYd) (width 0.05))
    (fp_text user %R (at 0 0) (layer F.Fab)
      (effects (font (size 0.8 0.8) (thickness 0.12)))
    )
    (pad 2 smd roundrect (at 1.4625 0) (size 1.125 1.75) (layers F.Cu F.Paste F.Mask) (roundrect_rratio 0.222222)
      (net 71 Plus_GND))
    (pad 1 smd roundrect (at -1.4625 0) (size 1.125 1.75) (layers F.Cu F.Paste F.Mask) (roundrect_rratio 0.222222)
      (net 2 GNDREF))
    (model ${KISYS3DMOD}/Resistor_SMD.3dshapes/R_1206_3216Metric.wrl
      (at (xyz 0 0 0))
      (scale (xyz 1 1 1))
      (rotate (xyz 0 0 0))
    )
  )

  (module Resistor_SMD:R_1206_3216Metric (layer F.Cu) (tedit 5F68FEEE) (tstamp 6141713B)
    (at 17.765001 -53.344999)
    (descr "Resistor SMD 1206 (3216 Metric), square (rectangular) end terminal, IPC_7351 nominal, (Body size source: IPC-SM-782 page 72, https://www.pcb-3d.com/wordpress/wp-content/uploads/ipc-sm-782a_amendment_1_and_2.pdf), generated with kicad-footprint-generator")
    (tags resistor)
    (path /6130FFE3/612F28D7)
    (attr smd)
    (fp_text reference R401 (at 0 -1.82) (layer F.SilkS)
      (effects (font (size 1 1) (thickness 0.15)))
    )
    (fp_text value 10KΩ (at 0 1.82) (layer F.Fab)
      (effects (font (size 1 1) (thickness 0.15)))
    )
    (fp_line (start 2.28 1.12) (end -2.28 1.12) (layer F.CrtYd) (width 0.05))
    (fp_line (start 2.28 -1.12) (end 2.28 1.12) (layer F.CrtYd) (width 0.05))
    (fp_line (start -2.28 -1.12) (end 2.28 -1.12) (layer F.CrtYd) (width 0.05))
    (fp_line (start -2.28 1.12) (end -2.28 -1.12) (layer F.CrtYd) (width 0.05))
    (fp_line (start -0.727064 0.91) (end 0.727064 0.91) (layer F.SilkS) (width 0.12))
    (fp_line (start -0.727064 -0.91) (end 0.727064 -0.91) (layer F.SilkS) (width 0.12))
    (fp_line (start 1.6 0.8) (end -1.6 0.8) (layer F.Fab) (width 0.1))
    (fp_line (start 1.6 -0.8) (end 1.6 0.8) (layer F.Fab) (width 0.1))
    (fp_line (start -1.6 -0.8) (end 1.6 -0.8) (layer F.Fab) (width 0.1))
    (fp_line (start -1.6 0.8) (end -1.6 -0.8) (layer F.Fab) (width 0.1))
    (fp_text user %R (at 0 0) (layer F.Fab)
      (effects (font (size 0.8 0.8) (thickness 0.12)))
    )
    (pad 1 smd roundrect (at -1.4625 0) (size 1.125 1.75) (layers F.Cu F.Paste F.Mask) (roundrect_rratio 0.222222)
      (net 47 "Net-(R401-Pad1)"))
    (pad 2 smd roundrect (at 1.4625 0) (size 1.125 1.75) (layers F.Cu F.Paste F.Mask) (roundrect_rratio 0.222222)
      (net 48 "Net-(R401-Pad2)"))
    (model ${KISYS3DMOD}/Resistor_SMD.3dshapes/R_1206_3216Metric.wrl
      (at (xyz 0 0 0))
      (scale (xyz 1 1 1))
      (rotate (xyz 0 0 0))
    )
  )

  (module Resistor_SMD:R_1206_3216Metric (layer F.Cu) (tedit 5F68FEEE) (tstamp 6141714C)
    (at 9.745001 -46.704999)
    (descr "Resistor SMD 1206 (3216 Metric), square (rectangular) end terminal, IPC_7351 nominal, (Body size source: IPC-SM-782 page 72, https://www.pcb-3d.com/wordpress/wp-content/uploads/ipc-sm-782a_amendment_1_and_2.pdf), generated with kicad-footprint-generator")
    (tags resistor)
    (path /6130FFE3/61527AC0)
    (attr smd)
    (fp_text reference R402 (at 0 -1.82) (layer F.SilkS)
